"","county","total_cases","e_totpop","rpl_themes","ep_disabl","ep_crowd","ep_pov150","avg_pm25","avg_temp","avg_ppt","vf_rate","gam_predictions"
"1","ALAMEDA",917,1663823,0.2807,9.5,7.4,14.1,8.8721125200117,14.9108330869033,41.1969647058314,55.1140355674852,103.096360190313
"2","AMADOR",61,40577,0.2281,18.1,2.7,14.8,8.0104259305,15.2685264121255,68.6033077609262,150.331468565936,54.6044161645227
"3","BUTTE",70,213605,0.5965,16.4,3.8,28.2,8.26936692166667,16.5089099001311,68.632976498784,32.7707684745207,28.0145702191038
"4","CALAVERAS",26,45674,0.0702,21.3,2,21.4,7.816635536,15.0170340612801,68.264757186271,56.9251653019223,44.2697406485221
"5","COLUSA",17,21811,0.6842,13.1,5.1,22.6,7.72341457075,16.5110543373126,38.7138765112482,77.9423226812159,96.8319913662784
"6","CONTRA COSTA",1251,1162648,0.1754,11.2,5.6,13.5,8.77514045658857,15.3941490034381,40.7071223867943,107.599204574385,84.337882400894
"7","EL DORADO",45,191713,0.0175,12.3,2.3,13.7,7.06123689475,12.8516859375661,70.630554926862,23.472586626885,52.1858528731341
"8","FRESNO",9900,1008280,0.9474,12.9,10.5,30.8,13.3318282744286,17.663247458744,23.5442941170932,981.870115444123,864.903197064295
"9","GLENN",15,28657,0.6667,12.7,4.1,25.9,7.10595313475,16.9355502312166,42.9994643659518,52.3432320200998,45.9474097034186
"10","HUMBOLDT",18,136132,0.6491,17.9,4.1,29.8,5.95118007096,11.984589711208,110.554448547821,13.2224605529927,11.3034003571857
"11","IMPERIAL",177,179578,1,14.2,9.4,35.5,8.90759738433333,22.9976043760777,5.20706327535276,98.5644121217521,106.400621804204
"12","KERN",42261,906883,0.9649,11.4,9.6,32.2,13.4958913089333,17.9374960058059,14.3731062242562,4660.02780954103,2863.73357396161
"13","KINGS",4052,152515,0.8947,12.4,8.3,27.8,13.6708679332857,17.6097433320157,16.0794740265573,2656.78785693211,2661.35734014851
"14","LAKE",12,68024,0.7544,19.8,4.1,28.5,3.80071229122222,14.7903516752462,70.3739480977222,17.640832647301,18.3007882682109
"15","LASSEN",30,31873,0.5614,17.9,2.6,23.6,4.84340583566667,9.16958511160048,35.7642379883799,94.1235528503749,139.036340304507
"16","LOS ANGELES",12970,9936690,0.8596,10.6,11,22.7,11.6921484504638,18.283111099731,28.9154050476463,130.526362400357,114.809507636447
"17","MADERA",844,157243,0.9298,13.9,10.9,30.9,10.7605257408182,16.4805968115702,30.6931819436079,536.748853685061,259.574438260159
"18","MARIN",63,260485,0.0526,9.6,4.2,10.4,8.2893826810625,14.3655877467793,72.3725790582509,24.1856536844732,38.7537760406851
"19","MARIPOSA",16,17130,0.5439,18.9,3.8,24.4,8.1517048765,14.1900223695992,62.5825801420121,93.4033858727379,70.0554436706936
"20","MENDOCINO",16,91145,0.8772,18.7,4.9,25.4,6.46300229747059,13.4730660722702,93.0530298071619,17.5544462120797,27.7038391316051
"21","MERCED",1266,282290,0.9825,12.8,8.6,30,11.7606725954474,16.8139786166598,23.874637195535,448.474972545963,650.225976883629
"22","MONTEREY",1746,437609,0.807,9.2,14,21.5,5.51835959380723,13.9247598785279,32.4341314185183,398.986309696556,317.638594337481
"23","NAPA",28,137384,0.4386,12.2,6.5,14.1,9.0361680236,15.2243815743837,57.1191660383521,20.3808303732604,39.4252692516492
"24","NEVADA",16,102322,0.0351,13.7,1.4,17.4,6.49234088961538,12.8112475733276,90.295698118545,15.6369109282461,16.3676461095541
"25","ORANGE",2862,3175227,0.3684,9.1,8.8,16.1,11.2948193783154,18.201843871595,24.0648541913901,90.1352879652384,150.323637287605
"26","PLACER",91,406608,0,11.2,2.1,11,7.60660447567089,15.4457667523858,54.3873835702638,22.3802778105694,29.4830376798756
"27","RIVERSIDE",2912,2429487,0.614,11.6,7.4,19.7,10.1025807552302,19.4369799409769,18.8005664645218,119.860694870975,106.284672375455
"28","SACRAMENTO",666,1579211,0.5263,12.3,5.7,20.9,8.75317180933333,16.5492686572063,40.0090087455135,42.1729585216922,57.5661444883205
"29","SAN BENITO",49,64753,0.2632,10.7,7,14.4,4.9905460715,14.8898344244358,29.7626853720801,75.6721696292064,237.638209506654
"30","SAN BERNARDINO",1805,2180563,0.8246,11.4,9.1,23.5,11.4061759198846,17.870139647428,25.6011409510825,82.7767874626874,181.850687667632
"31","SAN DIEGO",4302,3289701,0.4912,10.4,6.8,17.5,9.68256449661495,17.4399574342892,24.2254626849108,130.771763148079,187.872724453706
"32","SAN FRANCISCO",232,851036,0.3158,10.8,6.7,16.2,8.62228685180769,14.2192280624568,48.1180607387885,27.2608914311498,69.3386362096616
"33","SAN JOAQUIN",2319,779445,0.7368,12.2,8.5,21.8,10.7393168778496,16.3194045977614,29.9981129378201,297.519388795874,222.394732089548
"34","SAN LUIS OBISPO",3394,281712,0.2105,13,3.6,18.2,7.29809510709677,14.7821339688815,35.5599209564615,1204.77650934287,297.682062377066
"35","SAN MATEO",258,754250,0.0877,8.7,7.3,10.3,8.34269407460993,14.5860435296076,44.7247577683167,34.2061650646337,64.7179826013774
"36","SANTA BARBARA",897,445213,0.8421,10.9,10.3,22.6,7.63707073743284,15.2683247105287,35.581683404645,201.476596595337,311.80516111176
"37","SANTA CLARA",815,1916831,0.193,8.6,7.8,11,8.23534932011078,15.6346615328601,32.7252107333704,42.5180936660561,251.788522404629
"38","SANTA CRUZ",149,268571,0.3509,11.7,6.8,17.9,6.10889059114286,13.6987777265574,62.5615792354655,55.4788119342744,64.6652017957474
"39","SHASTA",18,181852,0.5088,18.1,3.1,21.6,8.37554791934783,16.7568109180072,83.1223255934276,9.89815894243671,12.0112423515387
"40","SISKIYOU",12,44049,0.4737,18,3.5,26.9,3.4017288356,10.2120766019911,67.4041700810159,27.2423891575291,21.0546071288554
"41","SOLANO",296,450995,0.3333,12.4,5.2,14.8,8.52376374318478,15.7795942594349,44.018401520896,65.6326566813379,60.7930258377389
"42","SONOMA",94,488436,0.2456,11.8,4.8,14.4,7.31207469185714,14.3051623372578,70.1692765779091,19.2451006887289,77.7406406511502
"43","STANISLAUS",1136,552063,0.7193,12.7,7.6,23.7,11.304983660725,16.7934480034756,26.0560992592096,205.773616416967,286.588336554903
"44","SUTTER",20,99101,0.7719,13.8,6.5,23.6,9.11776573676191,16.7322158985421,40.4876401349407,20.1814310652768,49.4830893764361
"45","TEHAMA",17,65484,0.7018,18.7,4.5,28,6.640823976,16.9315585671128,53.2110132559131,25.9605399792316,22.9115184392493
"46","TULARE",4811,473446,0.9123,11.8,9.6,31.5,13.6680451166071,17.2429213472987,21.6582263507962,1016.1665744351,1621.59197471483
"47","TUOLUMNE",52,54993,0.4035,21.3,2.1,17.9,8.4246717796,13.9043397270983,72.8201948751143,94.5574891349808,61.1146052484875
"48","VENTURA",2616,842009,0.386,11.3,6.5,15.6,9.02800967985816,16.5292503960512,30.0468458308599,310.685515237961,186.329907999591
"49","YOLO",105,217141,0.4561,10.4,6.4,24.7,8.72819372277143,16.5949756755899,39.1483254301427,48.3556767261825,64.0904229568902
"50","YUBA",21,81705,0.7895,16,5.7,25.5,8.34566189666667,16.534081965162,50.332936037179,25.7022214062787,30.5971794732278
